version https://git-lfs.github.com/spec/v1
oid sha256:65226f6a4f752038d90551502975ef41b35ae585ac964312ad4babb26ad55340
size 30439
