version https://git-lfs.github.com/spec/v1
oid sha256:5f23a18be6494706c3776c82690b19c210c2d07c913a5cb59943cb78fb7fcca9
size 9628
