version https://git-lfs.github.com/spec/v1
oid sha256:db81265f4727ff69d65074daa26e91d99869c410a4e0ea7bdccfb27086ecff62
size 6614
