version https://git-lfs.github.com/spec/v1
oid sha256:90794755c06db582e7537c6c2162e8fa101d3d8f2d655b1b28090c30f75bc0c4
size 25039
