version https://git-lfs.github.com/spec/v1
oid sha256:8694106ab2648c5f8fa428c3e0d43e0376fe92e928f3d29e801b46bab9395ec5
size 144269
